CONV NORM
#9x9 convolution mask of a gaussian PSF with FWHM = 10.0 pixels.
0.001154 0.001238 0.001301 0.001341 0.001354 0.001341 0.001301 0.001238 0.001154 
0.001238 0.001328 0.001396 0.001438 0.001452 0.001438 0.001396 0.001328 0.001238 
0.001301 0.001396 0.001467 0.001512 0.001527 0.001512 0.001467 0.001396 0.001301 
0.001341 0.001438 0.001512 0.001557 0.001573 0.001557 0.001512 0.001438 0.001341 
0.001354 0.001452 0.001527 0.001573 0.001589 0.001573 0.001527 0.001452 0.001354 
0.001341 0.001438 0.001512 0.001557 0.001573 0.001557 0.001512 0.001438 0.001341 
0.001301 0.001396 0.001467 0.001512 0.001527 0.001512 0.001467 0.001396 0.001301 
0.001238 0.001328 0.001396 0.001438 0.001452 0.001438 0.001396 0.001328 0.001238 
0.001154 0.001238 0.001301 0.001341 0.001354 0.001341 0.001301 0.001238 0.001154 
