CONV NORM
#9x9 convolution mask of a gaussian PSF with FWHM = 1.5 pixels.
0.000000 0.000002 0.000016 0.000057 0.000086 0.000057 0.000016 0.000002 0.000000 
0.000002 0.000038 0.000303 0.001047 0.001582 0.001047 0.000303 0.000038 0.000002 
0.000016 0.000303 0.002411 0.008334 0.012591 0.008334 0.002411 0.000303 0.000016 
0.000057 0.001047 0.008334 0.028806 0.043523 0.028806 0.008334 0.001047 0.000057 
0.000086 0.001582 0.012591 0.043523 0.065757 0.043523 0.012591 0.001582 0.000086 
0.000057 0.001047 0.008334 0.028806 0.043523 0.028806 0.008334 0.001047 0.000057 
0.000016 0.000303 0.002411 0.008334 0.012591 0.008334 0.002411 0.000303 0.000016 
0.000002 0.000038 0.000303 0.001047 0.001582 0.001047 0.000303 0.000038 0.000002 
0.000000 0.000002 0.000016 0.000057 0.000086 0.000057 0.000016 0.000002 0.000000 
