CONV NORM
#9x9 convolution mask of a gaussian PSF with FWHM = 5.0 pixels.
0.001773 0.002342 0.002857 0.003218 0.003349 0.003218 0.002857 0.002342 0.001773 
0.002342 0.003093 0.003773 0.004250 0.004423 0.004250 0.003773 0.003093 0.002342 
0.002857 0.003773 0.004602 0.005185 0.005395 0.005185 0.004602 0.003773 0.002857 
0.003218 0.004250 0.005185 0.005841 0.006078 0.005841 0.005185 0.004250 0.003218 
0.003349 0.004423 0.005395 0.006078 0.006324 0.006078 0.005395 0.004423 0.003349 
0.003218 0.004250 0.005185 0.005841 0.006078 0.005841 0.005185 0.004250 0.003218 
0.002857 0.003773 0.004602 0.005185 0.005395 0.005185 0.004602 0.003773 0.002857 
0.002342 0.003093 0.003773 0.004250 0.004423 0.004250 0.003773 0.003093 0.002342 
0.001773 0.002342 0.002857 0.003218 0.003349 0.003218 0.002857 0.002342 0.001773 
