CONV NORM
#9x9 convolution mask of a gaussian PSF with FWHM = 2.5 pixels.
0.000169 0.000504 0.001099 0.001754 0.002049 0.001754 0.001099 0.000504 0.000169 
0.000504 0.001501 0.003272 0.005221 0.006101 0.005221 0.003272 0.001501 0.000504 
0.001099 0.003272 0.007131 0.011380 0.013298 0.011380 0.007131 0.003272 0.001099 
0.001754 0.005221 0.011380 0.018160 0.021221 0.018160 0.011380 0.005221 0.001754 
0.002049 0.006101 0.013298 0.021221 0.024798 0.021221 0.013298 0.006101 0.002049 
0.001754 0.005221 0.011380 0.018160 0.021221 0.018160 0.011380 0.005221 0.001754 
0.001099 0.003272 0.007131 0.011380 0.013298 0.011380 0.007131 0.003272 0.001099 
0.000504 0.001501 0.003272 0.005221 0.006101 0.005221 0.003272 0.001501 0.000504 
0.000169 0.000504 0.001099 0.001754 0.002049 0.001754 0.001099 0.000504 0.000169 
