CONV NORM
#9x9 convolution mask of a gaussian PSF with FWHM = 2.0 pixels.
0.000018 0.000095 0.000314 0.000645 0.000820 0.000645 0.000314 0.000095 0.000018 
0.000095 0.000508 0.001688 0.003466 0.004405 0.003466 0.001688 0.000508 0.000095 
0.000314 0.001688 0.005604 0.011509 0.014628 0.011509 0.005604 0.001688 0.000314 
0.000645 0.003466 0.011509 0.023635 0.030039 0.023635 0.011509 0.003466 0.000645 
0.000820 0.004405 0.014628 0.030039 0.038178 0.030039 0.014628 0.004405 0.000820 
0.000645 0.003466 0.011509 0.023635 0.030039 0.023635 0.011509 0.003466 0.000645 
0.000314 0.001688 0.005604 0.011509 0.014628 0.011509 0.005604 0.001688 0.000314 
0.000095 0.000508 0.001688 0.003466 0.004405 0.003466 0.001688 0.000508 0.000095 
0.000018 0.000095 0.000314 0.000645 0.000820 0.000645 0.000314 0.000095 0.000018 
