CONV NORM
#9x9 convolution mask of a gaussian PSF with FWHM = 15.0 pixels.
0.000613 0.000633 0.000647 0.000655 0.000658 0.000655 0.000647 0.000633 0.000613 
0.000633 0.000653 0.000667 0.000676 0.000679 0.000676 0.000667 0.000653 0.000633 
0.000647 0.000667 0.000682 0.000691 0.000694 0.000691 0.000682 0.000667 0.000647 
0.000655 0.000676 0.000691 0.000701 0.000704 0.000701 0.000691 0.000676 0.000655 
0.000658 0.000679 0.000694 0.000704 0.000707 0.000704 0.000694 0.000679 0.000658 
0.000655 0.000676 0.000691 0.000701 0.000704 0.000701 0.000691 0.000676 0.000655 
0.000647 0.000667 0.000682 0.000691 0.000694 0.000691 0.000682 0.000667 0.000647 
0.000633 0.000653 0.000667 0.000676 0.000679 0.000676 0.000667 0.000653 0.000633 
0.000613 0.000633 0.000647 0.000655 0.000658 0.000655 0.000647 0.000633 0.000613 
