CONV NORM
#9x9 convolution mask of a gaussian PSF with FWHM = 3.0 pixels.
0.000529 0.001136 0.001959 0.002718 0.003031 0.002718 0.001959 0.001136 0.000529 
0.001136 0.002437 0.004205 0.005833 0.006505 0.005833 0.004205 0.002437 0.001136 
0.001959 0.004205 0.007255 0.010063 0.011222 0.010063 0.007255 0.004205 0.001959 
0.002718 0.005833 0.010063 0.013958 0.015567 0.013958 0.010063 0.005833 0.002718 
0.003031 0.006505 0.011222 0.015567 0.017361 0.015567 0.011222 0.006505 0.003031 
0.002718 0.005833 0.010063 0.013958 0.015567 0.013958 0.010063 0.005833 0.002718 
0.001959 0.004205 0.007255 0.010063 0.011222 0.010063 0.007255 0.004205 0.001959 
0.001136 0.002437 0.004205 0.005833 0.006505 0.005833 0.004205 0.002437 0.001136 
0.000529 0.001136 0.001959 0.002718 0.003031 0.002718 0.001959 0.001136 0.000529 
